0      0       824.264         351.51         
1      0       820.972         346.909         
2      0       812.38         371.414         
3      0       799.829         374.88         
4      0       799.362         381.24         
5      0       799.592         389.804         
6      0       796.569         379.996         
7      0       773.789         314.736         
8      0       783.284         343.386         
9      0       778.63         316.321         
10      0       792.784         332.636         
11      0       632.181         501.93         
12      0       640.113         525.33         
13      0       704.576         473.336         
14      0       715.887         465.843         
15      0       718.105         467.482         
16      0       715.935         464.465         
17      0       726.405         446.738         
18      0       723.198         446.802         
19      0       737.207         439.331         
20      0       773.354         414.355         
21      0       775.663         409.03         
22      0       783.539         405.123         
23      0       782.174         406.222         
24      0       779.389         401.458         
25      0       777.312         403.488         
26      0       781.042         412.135         
27      0       783.242         404.823         
28      0       796.935         404.012         
29      0       793.412         394.749         
30      0       798.566         389.519         
31      0       797.759         389.229         
32      0       795.694         387.97         
33      0       803.067         388.434         
34      0       791.279         393.721         
35      0       793.051         386.952         
36      0       792.015         386.131         
37      0       790.794         391.129         
38      0       806.306         386.15         
39      0       807.282         387.66         
40      0       808.337         389.552         
41      0       809.07         377.831         
42      0       813.226         369.866         
43      0       809.244         371.4         
44      0       808.357         374.708         
45      0       805.299         359.009         
46      0       775.615         334.743         
47      0       775.553         331.378         
48      0       750.336         339.845         
49      0       752.334         337.51         
50      0       743.721         340.973         
51      0       739.951         334.165         
52      0       753.486         281.333         
53      0       748.599         308.897         
54      0       759.181         301.491         
55      0       747.482         319.477         
56      0       741.014         332.537         
57      0       743.585         337.534         
58      0       744.11         330.408         
59      0       721.145         342.424         
60      0       717.495         342.192         
61      0       718.129         340.955         
62      0       713.922         334.232         
63      0       716.449         332.881         
64      0       717.365         335.081         
65      0       718.953         338.185         
66      0       712.12         347.273         
67      0       708.849         375.643         
68      0       711.33         379.723         
69      0       736.254         371.112         
70      0       737.013         380.736         
71      0       742.564         377.258         
72      0       742.334         376.651         
73      0       735.773         372.729         
74      0       733.872         384.395         
75      0       736.685         422.665         
76      0       781.443         418.095         
77      0       781.026         431.263         
78      0       780.984         424.913         
79      0       776.087         432.28         
80      0       772.65         439.77         
81      0       777.771         444.716         
82      0       762.882         459.933         
83      0       761.513         464.856         
84      0       757.155         461.807         
85      0       756.246         459.912         
86      0       773.496         442.201         
87      0       771.736         425.558         
88      0       768.495         411.775         
89      0       767.123         412.491         
90      0       773.435         398.823         
91      0       779.544         401.914         
92      0       779.547         382.175         
93      0       771.28         388.615         
94      0       793.759         397.802         
95      0       775.62         418.671         
96      0       791.348         417.514         
97      0       766.978         416.549         
98      0       766.36         414.649         
99      0       770.313         407.531         
100      0       771.755         434.662         
101      0       769.404         441.671         
102      0       761.107         434.492         
103      0       747.225         461.01         
104      0       770.719         449.83         
105      0       771.724         444.99         
106      0       769.563         442.432         
107      0       771.507         416.994         
108      0       761.109         422.558         
109      0       759.423         414.099         
110      0       761.567         411.685         
111      0       764.146         405.207         
112      0       760.516         402.066         
113      0       783.101         397.099         
114      0       790.959         392.197         
115      0       802.698         388.212         
116      0       808.877         375.233         
117      0       814.606         369.532         
118      0       825.148         336.112         
119      0       822.561         369.984         
120      0       833.847         325.454         
121      0       819.334         305.472         
122      0       821.434         320.502         
123      0       819.589         291.617         
124      0       827.585         314.027         
125      0       801.098         312.957         
126      0       817.84         339.168         
127      0       810.113         355.162         
128      0       812.495         357.792         
129      0       802.557         396.478         
130      0       795.956         406.327         
131      0       793.933         399.329         
132      0       792.536         382.755         
133      0       793.54         385.795         
134      0       792.071         405.181         
135      0       781.746         434.767         
136      0       781.003         425.984         
137      0       765.814         301.356         
138      0       762.121         298.83         
139      0       766.187         305.786         
140      0       775.129         300.402         
141      0       734.658         335.802         
142      0       742.052         353.324         
143      0       790.691         401.46         
144      0       764.923         352.02         
145      0       794.48         413.319         
146      0       785.556         423.751         
147      0       727.456         332.734         
148      0       774.059         329.419         
149      0       781.311         438.908         
150      0       806.658         357.604         
151      0       805.57         322.201         
152      0       806.334         320.12         
153      0       804.192         322.612         
154      0       802.822         307.567         
155      0       801.483         310.119         
156      0       786.231         364.902         
157      0       779.157         364.815         
158      0       778.72         420.751         
159      0       782.045         395.131         
160      0       803.898         374.11         
161      0       795.164         331.211         
162      0       804.474         322.07         
163      0       786.393         310.272         
164      0       792.281         333.029         
165      0       783.974         309.556         
166      0       771.643         289.303         
167      0       776.367         308.257         
168      0       776.636         318.886         
169      0       781.544         324.065         
170      0       778.433         317.472         
171      0       768.745         341.768         
172      0       792.247         331.193         
173      0       798.014         319.676         
174      0       797.769         310.347         
175      0       780.526         308.402         
176      0       761.57         304.502         
177      0       752.401         349.06         
178      0       778.587         341.722         
179      0       783.24         333.059         
180      0       774.907         312.112         
181      0       746.845         312.605         
182      0       737.13         319.534         
183      0       735.732         330.731         
184      0       747.384         333.938         
185      0       744.566         327.416         
186      0       746.398         335.87         
187      0       774.569         305.615         
188      0       744.566         315.558         
189      0       795.416         313.226         
190      0       772.472         298.696         
191      0       784.367         326.915         
192      0       751.802         296.744         
193      0       739.51         322.086         
194      0       739.505         321.857         
195      0       747.945         328.801         
196      0       788.644         381.226         
197      0       765.615         465.922         
198      0       818.768         373.886         
199      0       803.678         322.392         
200      0       803.037         331.128         
201      0       783.327         290.289         
202      0       782.888         345.613         
203      0       789.644         336.372         
204      0       808.614         329.102         
205      0       782.802         317.154         
206      0       778.727         321.598         
207      0       802.356         317.905         
208      0       782.161         333.846         
209      0       796.137         380.31         
210      0       793.66         392.372         
211      0       780.914         401.121         
212      0       774.093         390.93         
213      0       765.034         425.922         
214      0       781.452         430.642         
215      0       769.992         421.92         
216      0       791.471         388.285         
217      0       791.228         367.02         
218      0       754.436         360.647         
219      0       776.793         343.288         
220      0       778.437         337.517         
221      0       781.881         338.442         
222      0       761.723         340.533         
223      0       773.697         349.395         
224      0       783.734         344.066         
225      0       784.704         361.184         
226      0       782.758         358.393         
227      0       779.612         345.909         
228      0       756.726         374.219         
229      0       752.286         346.767         
230      0       783.915         326.159         
231      0       782.241         314.411         
232      0       803.247         366.395         
233      0       801.21         398.571         
234      0       797.297         395.895         
235      0       817.032         374.61         
236      0       813.096         362.753         
237      0       805.09         323.818         
238      0       768.654         324.938         
239      0       766.933         314.645         
240      0       775.903         318.671         
241      0       780.662         327.679         
242      0       782.518         325.499         
243      0       816.772         352.503         
244      0       816.81         342.632         
245      0       816.204         345.399         
246      0       805.827         312.402         
247      0       814.729         344.434         
248      0       817.469         366.644         
249      0       818.439         343.976         
250      0       811.458         313.283         
251      0       816.591         346.615         
252      0       821.378         341.239         
253      0       823.204         345.41         
254      0       823.958         346.772         
255      0       829.579         347.117         
256      0       822.914         349.471         
257      0       824.244         342.481         
258      0       823.992         344.629         
259      0       826.81         335.314         
260      0       830.229         342.819         
261      0       825.039         354.019         
262      0       826.651         342.509         
263      0       831.028         338.671         
264      0       820.949         357.621         
265      0       821.94         344.058         
266      0       805.484         369.104         
267      0       803.688         362.637         
268      0       797.784         370.713         
269      0       802.643         373.217         
270      0       793.289         372.105         
271      0       794.142         354.949         
272      0       796.785         379.838         
273      0       805.265         365.13         
274      0       805.676         367.647         
275      0       805.238         371.634         
276      0       806.797         373.133         
277      0       803.479         363.177         
278      0       814.959         380.849         
279      0       812.963         379.359         
280      0       805.695         364.739         
281      0       786.47         377.98         
282      0       773.644         382.293         
283      0       779.902         381.632         
284      0       774.648         373.399         
285      0       783.611         381.098         
286      0       779.196         406.817         
287      0       781.186         416.034         
288      0       770.508         426.194         
289      0       772.001         416.142         
290      0       781.725         421.609         
291      0       782.789         427.937         
292      0       783.884         444.059         
293      0       774.154         438.286         
294      0       774.159         438.515         
295      0       777.771         416.638         
296      0       773.578         414.657         
297      0       773.118         417.42         
298      0       769.631         418.102         
299      0       766.778         433.614         
300      0       761.492         463.709         
301      0       757.408         447.572         
302      0       758.621         450.149         
303      0       766.616         448.765         
304      0       784.042         424.699         
305      0       774.967         402.847         
306      0       783.99         393.867         
307      0       778.497         388.546         
308      0       779.35         399.316         
309      0       772.862         371.445         
310      0       775.287         364.511         
311      0       755.512         387.555         
312      0       772.716         355.535         
313      0       760.266         384.399         
314      0       758.286         379.772         
315      0       750.535         382.529         
316      0       754.98         374.407         
317      0       754.205         375.876         
318      0       746.346         360.811         
319      0       741.615         377.201         
320      0       736.241         374.402         
321      0       743.745         390.01         
322      0       740.746         389.458         
323      0       739.02         382.838         
324      0       732.462         391.002         
325      0       730.534         361.359         
326      0       730.392         365.57         
327      0       727.383         380.395         
328      0       727.935         370.745         
329      0       735.594         366.918         
330      0       742.138         377.879         
331      0       735.309         371.284         
332      0       733.287         364.364         
333      0       732.922         380.283         
334      0       734.359         367.173         
335      0       741.689         381.254         
336      0       741.028         376.983         
337      0       736.199         364.152         
338      0       733.76         374.299         
339      0       731.366         367.003         
340      0       695.919         402.217         
341      0       696.058         413.841         
342      0       691.31         409.347         
343      0       705.533         393.686         
344      0       690.022         414.727         
345      0       704.962         402.341         
346      0       711.269         388.369         
347      0       706.341         389.998         
348      0       704.413         392.255         
349      0       704.307         394.399         
350      0       700.723         405.792         
351      0       698.114         394.676         
352      0       701.365         405.014         
353      0       696.919         393.094         
354      0       698.88         408.659         
355      0       686.471         407.914         
356      0       693.698         392.394         
357      0       694.037         410.975         
358      0       691.539         409.954         
359      0       705.203         403.56         
360      0       703.021         399.856         
361      0       702.792         391.293         
362      0       691.839         410.407         
363      0       689.256         408.699         
364      0       712.513         380.617         
365      0       712.068         396.155         
366      0       712.088         405.258         
367      0       704.931         388.649         
368      0       692.554         397.618         
369      0       695.118         382.345         
370      0       691.293         404.451         
371      0       697.202         404.639         
372      0       694.142         408.754         
373      0       714.148         390.3         
374      0       718.319         423.109         
375      0       694.332         415.176         
376      0       713.002         399.426         
377      0       732.491         384.652         
378      0       729.571         380.427         
379      0       729.82         374.149         
380      0       732.814         378.373         
381      0       733.104         370.334         
382      0       736.175         362.852         
383      0       737.068         375.762         
384      0       739.123         384.442         
385      0       733.888         365.346         
386      0       737.282         379.507         
387      0       745.417         385.769         
388      0       738.503         386.444         
389      0       735.373         378.78         
390      0       723.957         368.53         
391      0       701.221         389.106         
392      0       703.898         387.981         
393      0       705.579         364.311         
394      0       705.731         392.534         
395      0       694.559         403.621         
396      0       689.464         408.083         
397      0       692.595         419.877         
398      0       693.133         413.364         
399      0       698.613         402.01         
400      0       698.059         407.605         
401      0       683.174         411.04         
402      0       674.685         421.307         
403      0       685.1         424.693         
404      0       680.338         431.443         
405      0       675.738         431.076         
406      0       683.819         426.402         
407      0       694.413         407.602         
408      0       695.468         397.483         
409      0       688.814         404.425         
410      0       696.548         400.751         
411      0       704.233         406.333         
412      0       708.163         393.939         
413      0       708.827         398.362         
414      0       706.171         384.723         
415      0       733.378         353.422         
416      0       734.848         373.971         
417      0       736.027         362.702         
418      0       732.46         335.234         
419      0       739.244         359.195         
420      0       732.238         382.745         
421      0       736.734         385.408         
422      0       752.984         424.863         
423      0       745.165         383.938         
424      0       735.617         376.174         
425      0       740.129         379.679         
426      0       732.263         368.209         
427      0       698.384         389.469         
428      0       705.713         391.54         
429      0       712.416         375.341         
430      0       748.135         418.84         
431      0       708.94         416.566         
432      0       685.475         405.257         
433      0       682.946         418.54         
434      0       731.994         377.395         
435      0       734.057         374.599         
436      0       740.942         384.252         
437      0       739.717         385.042         
438      0       744.267         370.721         
439      0       745.674         383.851         
440      0       717.473         380.747         
441      0       714.519         370.709         
442      0       704.954         381.917         
443      0       704.53         390.646         
444      0       701.936         388.327         
445      0       701.376         385.661         
446      0       697.495         392.7         
447      0       706.195         390.001         
448      0       730.407         378.345         
449      0       706.978         396.946         
450      0       669.299         417.82         
451      0       682.047         425.213         
452      0       691.779         419.128         
453      0       693.548         420.164         
454      0       689.622         412.746         
455      0       691.768         418.517         
456      0       685.708         426.058         
457      0       675.996         413.249         
458      0       682.435         426.506         
459      0       703.313         435.879         
460      0       702.845         434.205         
461      0       734.633         442.137         
462      0       734.599         444.279         
463      0       746.459         446.949         
464      0       692.62         449.326         
465      0       691.991         430.751         
466      0       713.104         433.005         
467      0       715.139         440.691         
468      0       714.375         430.762         
469      0       721.252         432.001         
470      0       697.821         430.558         
471      0       699.773         417.668         
472      0       706.997         429.991         
473      0       702.134         427.182         
474      0       696.001         394.719         
475      0       697.12         396.15         
476      0       696.162         395.557         
477      0       696.16         403.436         
478      0       698.062         399.802         
479      0       708.736         409.379         
480      0       707.722         401.75         
481      0       713.436         403.242         
482      0       731.778         393.464         
483      0       732.327         391.617         
484      0       739.578         389.405         
485      0       740.573         388.008         
486      0       740.436         388.47         
487      0       751.703         378.604         
488      0       744.313         381.201         
489      0       740.272         367.589         
490      0       743.811         373.714         
491      0       743.036         371.205         
492      0       741.717         370.849         
493      0       732.241         446.928         
494      0       712.474         426.439         
495      0       731.937         438.213         
496      0       692.704         425.841         
497      0       701.138         440.588         
498      0       707.084         454.851         
499      0       710.064         454.332         
500      0       708.345         451.995         
501      0       708.715         452.294         
502      0       711.493         452.697         
503      0       710.208         458.23         
504      0       655.293         433.474         
505      0       651.907         427.729         
506      0       646.808         448.023         
507      0       675.93         417.61         
508      0       689.695         412.745         
509      0       692.467         412.842         
510      0       689.883         411.058         
511      0       696.677         419.795         
512      0       698.996         407.051         
513      0       698.569         407.595         
514      0       706.289         403.156         
515      0       708.017         413.907         
516      0       711.722         417.198         
517      0       767.991         416.146         
518      0       770.109         420.311         
519      0       772.005         432.361         
520      0       754.303         425.219         
521      0       734.981         429.201         
522      0       771.351         436.506         
523      0       773.014         443.741         
524      0       731.873         434.695         
525      0       732.962         442.476         
526      0       736.28         452.508         
527      0       728.866         445.771         
528      0       728.357         441.803         
529      0       687.707         435.732         
530      0       690.935         444.847         
531      0       699.205         422.498         
532      0       696.876         398.755         
533      0       698.41         406.909         
534      0       695.285         399.476         
535      0       695.246         401.312         
536      0       706.496         434.515         
537      0       695.413         398.479         
538      0       704.859         412.67         
539      0       697.73         425.587         
540      0       709.377         392.537         
541      0       711.832         427.217         
542      0       697.814         398.201         
543      0       721.681         439.565         
544      0       730.338         458.593         
545      0       742.348         381.394         
546      0       735.753         375.636         
547      0       736.269         383.888         
548      0       730.377         412.617         
549      0       719.608         441.825         
550      0       716.366         431.946         
551      0       732.286         377.389         
552      0       730.779         378.72         
553      0       709.137         387.417         
554      0       707.898         383.464         
555      0       732.549         367.898         
556      0       713.181         405.236         
557      0       714.128         401.162         
558      0       719.811         388.962         
559      0       741.311         372.54         
560      0       766.625         337.526         
561      0       767.922         336.659         
562      0       741.41         385.926  