1262      2       790.077         435.825         
1263      2       786.667         444.768         
1264      2       738.317         484.444         
1265      2       742.324         472.201         
1266      2       760.593         466.405         
1267      2       717.771         497.399         
1268      2       769.131         462.792         
1269      2       750.949         477.384         
1270      2       769.553         461.942         
1271      2       802.137         401.383         
1272      2       807.498         399.515         
1273      2       816.259         384.19         
1274      2       811.341         390.333         
1275      2       822.38         372.054         
1276      2       809.295         394.123         
1277      2       817.158         373.536         
1278      2       795.005         418.129         
1279      2       807.304         392.863         
1280      2       802.5         393.342         
1281      2       818.07         379.562         
1282      2       757.038         467.394         
1283      2       826.149         362.872         
1284      2       821.821         365.408         
1285      2       774.508         453.733         
1286      2       755.087         468.351         
1287      2       808.016         391.93         
1288      2       809.899         395.259         
1289      2       809.391         395.346         
1290      2       824.483         363.442         
1291      2       805.899         399.777         
1292      2       806.794         400.907         
1293      2       806.502         396.858         
1294      2       802.601         394.87         
1295      2       823.122         360.791         
1296      2       817.039         371.014         
1297      2       796.209         420.17         
1298      2       771.463         458.69         
1299      2       811.345         390.563         
1300      2       811.15         383.91         
1301      2       813.439         365.577         
1302      2       819.49         369.51         
1303      2       819.265         357.196         
1304      2       821.746         361.278         
1305      2       820.443         373.776         
1306      2       824.448         365.508         
1307      2       821.974         365.788         
1308      2       804.42         398.659         
1309      2       796.211         416.268         
1310      2       790.625         437.88         
1311      2       820.306         370.259         
1312      2       826.351         361.95         
1313      2       811.032         389.421         
1314      2       824.505         364.665         
1315      2       813.132         384.635         
1316      2       804.737         404.009         
1317      2       805.561         401.238         
1318      2       806.273         400.305         
1319      2       805.768         400.621         
1320      2       800.297         408.459         
1321      2       801.226         391.455         
1322      2       801.65         402.693         
1323      2       819.978         376.234         
1324      2       803.521         409.312         
1325      2       807.204         399.368         
1326      2       812.169         383.813         
1327      2       787.387         420.194         
1328      2       806.231         394.032         
1329      2       811.157         392.25         
1330      2       806.091         398.319         
1331      2       803.989         391.017         
1332      2       806.627         395.707         
1333      2       823.146         366.07         
1334      2       800.963         412.96         
1335      2       803.011         405.344         
1336      2       819.154         367.069         
1337      2       821.476         366.486         
1338      2       807.317         401.585         
1339      2       818.01         380.252         
1340      2       816.331         384.112         
1341      2       809.042         392.216         
1342      2       774.705         456.56         
1343      2       832.743         313.004         
1344      2       821.179         370.165         
1345      2       708.991         503.77         
1346      2       720.757         493.209         
1347      2       715.274         500.432         
1348      2       795.196         428.607         
1349      2       724.097         496.432         
1350      2       729.659         493.567         
1351      2       710.614         508.863         
1352      2       708.776         508.058         
1353      2       703.409         513.672         
1354      2       703.984         513.201         
1355      2       699.244         517.197         
1356      2       712.541         502.552         
1357      2       710.081         507.649         
1358      2       713.229         504.297         
1359      2       710.319         508.715         
1360      2       718.665         498.452         
1361      2       714.426         497.924         
1362      2       717.427         498.553         
1363      2       719.197         499.665         
1364      2       719.027         498.292         
1365      2       726.649         496.457         
1366      2       723.084         492.856         
1367      2       724.839         497.182         
1368      2       727.33         497.821         
1369      2       718.289         497.848         
1370      2       699.516         516.12         
1371      2       698.151         517.218         
1372      2       698.125         519.82         
1373      2       701.248         507.06         
1374      2       714.761         500.289         
1375      2       704.529         515.103         
1376      2       690.892         519.045         
1377      2       688.052         511.146         
1378      2       708.418         496.284         
1379      2       695.362         520.257         
1380      2       677.491         532.008         
1381      2       716.56         490.921         
1382      2       730.933         495.454         
1383      2       719.684         498.355         
1384      2       723.643         495.523         
1385      2       724.263         489.467         
1386      2       726.449         493.478         
1387      2       748.158         484.325         
1388      2       718.027         499.459         
1389      2       715.317         502.802         
1390      2       703.834         504.866         
1391      2       739.792         481.355         
1392      2       742.816         483.284         
1393      2       724.964         496.032         
1394      2       738.181         489.037         
1395      2       738.789         490.402         
1396      2       739.103         491.62         
1397      2       745.696         485.292         
1398      2       748.894         480.715         
1399      2       730.678         493.47         
1400      2       729.569         496.629         
1401      2       729.579         493.186         
1402      2       745.601         484.07         
1403      2       737.21         491.81         
1404      2       713.516         500.008         
1405      2       724.842         497.335         
1406      2       729.527         494.335         
1407      2       730.762         494.081         
1408      2       731.658         495.21         
1409      2       762.916         469.878         
1410      2       712.035         502.791         
1411      2       719.376         497.443         
1412      2       728.596         495.271         
1413      2       725.789         485.153         
1414      2       725.213         477.514         
1415      2       720.646         495.123         
1416      2       719.825         490.014         
1417      2       714.311         499.61         
1418      2       716.675         485.181         
1419      2       715.975         494.834         
1420      2       713.379         492.437         
1421      2       724.379         495.891         
1422      2       744.523         484.933         
1423      2       708.939         508.972         
1424      2       724.828         492.516         
1425      2       727.748         492.687         
1426      2       730.229         496.845         
1427      2       730.385         493.4         
1428      2       745.129         482.167         
1429      2       710.681         508.555         
1430      2       713.328         501.695         
1431      2       720.384         496.735         
1432      2       731.108         497.057         
1433      2       716.195         498.96         
1434      2       719.22         492.857         
1435      2       717.289         478.82         
1436      2       709.809         484.476         
1437      2       708.409         507.912         
1438      2       715.611         502.95         
1439      2       742.734         482.75         
1440      2       737.856         483.153         
1441      2       738.578         486.811         
1442      2       706.381         508.641         
1443      2       747.067         480.445         
1444      2       746.979         483.66         
1445      2       708.028         490.861         
1446      2       712.254         506.841         
1447      2       713.412         502.305         
1448      2       724.101         492.607         
1449      2       747.914         478.898         
1450      2       703.35         518.492         
1451      2       703.771         513.512         
1452      2       703.9         516.645         
1453      2       701.275         516.621         
1454      2       719.293         496.91         
1455      2       717.816         499.922         
1456      2       715.317         494.77         
1457      2       698.824         518.199         
1458      2       677.205         532.32         
1459      2       675.864         522.632         
1460      2       710.983         501.053         
1461      2       747.626         479.133         
1462      2       724.308         491.991         
1463      2       709.157         508.968         
1464      2       703.416         505.946         
1465      2       702.266         514.995         
1466      2       700.211         518.248         
1467      2       687.691         527.523         
1468      2       719.606         494.073         
1469      2       722.055         496.396         
1470      2       723.476         494.379         
1471      2       723.269         494.995         
1472      2       731.091         492.085         
1473      2       740.593         485.317         
1474      2       713.526         500.543         
1475      2       731.945         494.975         
1476      2       730.595         496.914         
1477      2       708.011         502.03         
1478      2       703.521         515.811         
1479      2       704.706         516.859         
1480      2       718.79         497.302         
1481      2       760.009         470.395         
1482      2       698.633         519.733         
1483      2       696.393         512.74         
1484      2       693.075         522.827         
1485      2       702.713         511.467         
1486      2       700.287         514.422         
1487      2       700.207         518.019         
1488      2       711.162         506.939         
1489      2       720.894         492.67         
1490      2       738.607         476.329         
1491      2       746.209         485.435         
1492      2       745.589         483.381         
1493      2       686.844         525.015         
1494      2       738.961         491.852         
1495      2       738.453         487.961         
1496      2       736.432         481.039         
1497      2       747.232         481.513         
1498      2       735.655         494.519         
1499      2       744.126         487.159         
1500      2       705.79         500.161         
1501      2       718.457         499.068         
1502      2       736.339         491.981         
1503      2       730.936         495.607         
1504      2       729.137         484.857         
1505      2       721.983         496.474         
1506      2       708.231         502.102         
1507      2       708.075         509.601         
1508      2       730.755         489.644         
1509      2       731.666         495.669         
1510      2       720.381         492.528         
1511      2       719.668         493.46         
1512      2       719.961         493.53         
1513      2       719.815         489.479         
1514      2       720.216         495.514         
1515      2       720.097         492.992         
1516      2       715.386         478.399         
1517      2       700.117         517.103         
1518      2       718.499         493.33         
1519      2       734.027         493.174         
1520      2       744.622         482.33         
1521      2       724.607         480.28         
1522      2       721.379         495.338         
1523      2       722.576         496.997         
1524      2       721.781         493.341         
1525      2       721.096         495.803         
1526      2       721.469         496.254         
1527      2       762.424         470.882         
1528      2       722.13         496.547         
1529      2       722.73         497.453         
1530      2       721.696         496.709         
1531      2       722.436         497.306         
1532      2       722.346         496.39         
1533      2       720.805         491.831         
1534      2       719.205         492.016         
1535      2       790.736         435.965         
1536      2       816.603         351.205         
1537      2       820.794         361.068         
1538      2       803.608         410.076         
1539      2       776.717         454.913         
1540      2       814.858         355.449         
1541      2       815.623         385.274         
1542      2       791.429         425.928         
1543      2       721.228         495.035  